40
119.

120
.43

120
.39

.48
120

.62

119.

36

120

120.1
1
.67

119.44

120

120.
58

.88

.66

119.3
1

119.

37

120
.95

120

120

120

.89

120.
94

.02

121.
16

121.
08

121

121.
11

121.
35

121.
22

120

.60
119

121.
82

121.3
1

LH=
127
.19

119
.25

121
.73

121.
47

121.
42

121.31

121.
67

.70

12 1.
30

61
121.

.15

120

121.

121.
97

121.
85
121.
88

12 2
.16

89

.14

121.
75

11 5
.50

121.
81

122

121.
57
122.13

122.11

122.15

.22
122
.57

120.
91

120
.06

122.
62

119
.83

122

32
122.

120.
27

.94
120
63
122.

.16

92

120.

1 1

42

-1

0.1
-

15
120.

120.

46

ib

119.
79

e

07
03
122.
90
94
98
20

121.

122.
28
122.

Freib

5

erge
r Str
a ße

15
123.

42

124.

84

16

1

5

53

122.88

122.8

122.9

123.

121.

63

122.
122.80

rger
Stra
ße
9

.63

442

122.

Freib
e

3

LH=1
21

r Str

319 aße

53

122.9

123.11

123 .18

123.
28

123.13

4

Freib
erge

122.

124 .45

123.15

123.0

123.95

.19
123

26
123.

124.60

123.13

122.58

74

122.

123.13

123.0
1

33
123.

Fre

aß
S tr

122.30

21.94

121.

LH=1
9

22.03

124.65
123.1
1

122.50

123.

123.1
1
125.01

.96

122.87

122.4
6

123.15

123.14

123.14

122.5

123.

34

124.81

122.5
9

45

122.9
123.38

123
.47

0.
11

er
erg

122.

116.94

3

116.8

123.12

32
123.

36

1

0

122 .85

38
123.

2

121.53

4
123.1

124.6

0

LH=1

123.13

4
123.4

1 1

442

120.96

0

509

122.97

124.4
5

123.

3
121.0

122.77

123.1

2

7

122.49
122.76

122.
89
17

54

124.

34
117.

122.5

321

8

54

122.

84

123.6
1

0

122.47

6

.55

123.

59
123.

1

119.
78

56
122.
122.
87

123.
12

122.5

123.

22

123.1

123.3

123.38
62

162c

1

115.

122.

52

122.
83
122.
124.

25

94
122.

26
123.

122.6

122.32

.86

123.04

2

22.04

8

122.94
LH=1
21

451
0.1

53
122.
47

46
122.

50

122.

49
122.
56
122.

122.
29
123.
123.46

123.29
123.53

123.82

LH=128.47

123.0

0.1
-1

122.5
6

122.

119

63

122.72

86

122.9
8

32
123.

123.69

.53

1

123.

122.

123.

30

85

123.

123.

95

48

123.

65

53

123.

127.36

120
.16

120.
25
120.
52

.83
120

120
.90

121
.25

6
121
.4

.62
121

.96
121

.86
122

36
7
123.4

123.56

123.74
123.83

123.8
1
127.19

127.34
127.34

127.19

119.6
1

120
.29

120.
28

.60
120

120
.93
121
.43

.55
121

.89
119
6
119
.8

121
.21

119
.88
.26
121

121.
04

123
.35

.83
123

123.1
1

122.7

LH=1
21

2

127.07

120
.12

120
.56
120

120
.97

120.
91
0

121.
47

.4
121

21
121.
.33
121

.36
121

119.89
.89
119

52
121.

123.61

127.22

127.25

127.15

126.98

127.01

126.94

127.01

126.97

126.92

127.15

127.36

LH=1
122.67

122.98

122.87

123.

127.17

127.18

123.0
1

7

VERL

123.16

123.

127.16

127.31

127.68
127.38

127.50

125.63

127.35

8

123.02

124 .13

125.64

125.46

125.58

125.52

125.67

125.77

161

125.62

127.23

128.73

125.67

127.18

122.8
122.83

123.0
1

123

125.32

128.77

125.54

Poststraße

7

122.8

122.97

161
125.33

126.87

127.13

22.21

125.59

125.36

125.41

125.45

125.28

125.41

125.55

125.61

3

22.30

122.70

126.93
127.43

6

4

LH=1
21
126.88

LH=1

122.56

122.6

3

123.03

89
123.

443
0.7-14

122.74

123.31

124.20

127.09

127.34

127.11

124.23

128.75

126.86
127.05

126.79

126.78

123.01

123.0

99
123.

128.05
126.97

126.40

126.98

126.99

126.83

126.76
126.82

126.89

126.84

Reisewitzer Straße

126.92
126.96

123.

13

126.66

126.77
126.81

126.79

126.75

126.87

127.02

127.08
127.18

2

125.54

127.14

3

161

127.31

121
.10

8

8
.6
120

124.86

.61
LH
=13
0

126.63

126.90
127.16

127.04

16

127.66

127.35

127.24

127.15

508

162

162

161a
160d

125.41

125.43

127.35

125.72

127.22

123.
47

124.
97

126.66

126.71

126.71

126.68

126.58

127.10

127.26
127.25

127.08

127.24

127.09

127.10
127.22

126.99

Einkaufszentrum

125.34

Gröbelstraße
125.19

125.70

2

125.24

127.22

126.98

126.99

126.92

127.03

123.68

124.04
124.15

125.26

127.05

124.15

124.24

125.78

160

127.24

1

125.13

127.01

126.89

125.24

126.97

124.21

126.97

126.91

5

160
125.56

126.89

160e
125.65

158

123.86

124.39
LH=128.01

126.99

126.97

319e

319

22.25

124.05
124.25

162b

126.74

4

122.7
1

LH=1

123.
36

123.59

160a

126.78

126.93

127.14

124.04

126.68

126.65

126.63

126.92

126
.59

124.88
.08
125

126.93
LH=130.05

24
a
126.
87

126.6
8

126.84

125.14

126.71

126.93

ich ar
ere sb r)
ßb mes sse
Flu cht wa
ni och
(H

394

LH=1

122.6

124.05
LH=128.63
124.37

125.01

125.13

125.13

127.34

125.28

126.82

1

123.36

123.48

124.48

124.57

14

158

125.49

158p

123.26

124.16

125.04
124.89

.7
119

123.
14

.56

124.27

125.19

2

122.75

394

123.52

123.87

124.61

125.09

125

126.85

123.52

123.54

124.57

127.24

126.92

123.70

124.12

124.57

126.81

129.85

127.00

123.47

124.29

124.90

126.77

127.2 6

.73

123.28

123.46

123.75

123.89

FGU
124.48

127.05

129.89

89

121.

86

120.

117.

94

120.

121.

123.

123.

93

Anlage 2

32

92

LH=1
27.31

123.
50
130.

4

79

120.77

120.

93

120.

88
123.

Pav

Flußb
nicht ereich
m
(Hoch essbar
wass
er)

321b

124.

124.

16

15

124.

10

123.

illon

86
123.

traß
ter S

164i

1

124.19

Tha
rand

164

89

123.

e

164

4

158

518

95

158

4

95

1

123.

157

46

123.6
8

70
123.
70
123.

519

2

78

75
123.

164n

1

321

123.57

123.

123.

80

76

89

123.

123.

80

123.9
1

123.

77

121.
66
121.
62

123.
90

161

123.
98

24

124.
19

124.

22
124.

124.

124.

20

17

10
124.
89

17
124.

72
124.

125.23

37

124.3
1

52
124.

42

124.
124.

58
124.

45

321f
29

70

124.

124.

44
124.

50

124.

58
124.

2
124.7
1

124.

124.

79

59

515

124.

63

7

3

0.6-1

2

3

158

0.
26

2
0.1- 3

164g

0.2-3

10
0.110X

124.

LH=1
29.39

33

124.

38
124.

124.

42

LH=1
27.25

42

5

0.2-5

124.

63

164h

2

0.2-5

164

124.

46

36

124.

73

76

124.

124.

321i

518

0.1-2

LH=1
29.39

124.92

164e

124.

17

125.
33

0.2-4

0.2-4

126.0
1

124.

29

23

5

125.

4
20.

164l

33

124.

125.

30.

126.

04

124.

124.

124.

28

19

19

124.2
1

124.

17

124.

124.21

15

124.0
1

124.

15

124.

03

124.1
1

124.
08

124.

13

3

124.

124.

47

124.

52

124.

56

3

124.

72

124.

124.

59

124.

77

1 1

449

164d

2

3

S
er
hn
nle
be
Sie

164

1

12
50.

0.2-4

124.4
1

124.

42

4

68

127.00

Kesselsdorfer Straße

34

11

122

123.49

FGU

127.04

127.07

124.
00

LH=129.16

124.69
125.03

124.89

125.28

125
.50

.1
119

2

123.77

129.

127.24

125.64

LH=129.17

124.02

124.84

126.8 0

127.11

122
.34

.90
126

125.48

13

124.01

124.97

125.73

123.46

123.76

124.06

124.24

.97

122.96

123.88

LH=129.23

125.36
125.32

125.91

.06

126.00

LH=129.44

125.05

LH=129.45

123.15

123.76

123.92
124.38
124.33

125.65

121

126.04

127.1 8

127.2 2

127.09

126.99

12
121 1.06
.16
121
121 .07
.16

.04
127

127.0 6

6

124.09
124.08

124.52

.45

123.74

124.72

125.85

87
126.

127.0 8

.43

125.09

341

123.40

124.08

124.42

127.07

126.92

123

123.53

123.69

123.87
124.30

1

123.65

124.06

124.43

124.68

126.96

126.96

124.22

124.32

123.59
123.45

123.49

124.42

124.59

124.75

126.01

160c

121
.52
121

124.75

124.84

125.17

126.91

124.15

124.39

124.74

124.98
125.09

125.26

160f

121
.44

125.11

125.38

125.54

125.79

42
126.

126.42

126.87

123.82

123.61
124.33

124.53

125.09

125.75

123.90

159b

123.94
124.08

159

122.32
123.25

LH=127.42

123.79

124.75

LH=131.23

.34

125.60

125.92

126.69

126.93

123.89

124.69

125.60

126.51

12 6
.56

126.87

127.06

FGU

126.79

126.94

124.39

124.28
124.20

125.07

126.93
126.91

124.34

124.40

124.69

125.27

125.60

125.90

126.53

126.62

126.78

126.95

3

121
2

126.87

124.51

124.83

125.29

126.62
126.71

126.75

126.92

125.50

123.96

124.13

124.74

125.79
125.96

LH=131.49

126.78

126.83

121
.52

125.96
125.97

126.84

121
.20

126.83

2

123.98
124.71

124.91

125.57

126.51

126.79

126.81
126.82

.6
120

.67
120

.70
120
.68
120

.25

126.79

126.90

125.75

LH=132.15

126.66

126.73

121

124.98

319s

118

121
.27
.2

125.24

132

L
üb
ec
ke
rS

124.90

125.90

8

125.10

125.17

125.26

LH=129.14

125.63

125.82

2

425

394a

117.18
124.66

124.79

126.76

126.80

125.04

LH=128.47

125.94

126.04

LH=129.24

125.06

LH=129.24

124.91

124.95

12

125.90

125.03

126.14

135d

LH=129.24
126.00

126.01
125.87

126.01

121
.2

2
125.22

126.03

126.60

126.68

159

121.26

12

126.69

126.74

120
.65

125.39

126.35

126.53
126.95

159d
125.23

126.21

126.66

126.69

125.35

125.50

14

126.54

LH=130.08
126.95

159c

7
LH=128.4

126.78

14
LH=129.24

126.78

tra
ße

124.
71

125.36
125.33

126.51

.65
126.65

16

126.58

127.06

.38
120

4
125.17

125.27

126.63

126
126.52

126.76
LH=129.67

126.66

126.77

120
.5

e
124.98

159e

Löb
tau
er
Str
aß
e

120
.48
120

.42
120

.76

126 .04

126.61

126.76

126.82

LH=
129
.72

120

.90

.06
126.06

LH=128
126.12
126 .12

126.68

126.70

126.86

315
3

159f

126.86

127.03

.23

.45
120

120
2 .4
0

126.03

126.06

159

131g

126.93

4

11

125.63

lstraß
Gröbe

126.79

126.91

135c

LH=133.83

315

126.11

126.04

125.42

125.58

125.73

125.91

125.70

125.49

125.64

12

126.79

126.61

126 .68

126 .64

126.64

131h

LH=130.06

24b

120
.55

125.74

2

126.73

126 .70

120
.67

126.13

126.04

125.88

123.49

126.02

125.92

126.97

126 .78

.58
126 .58

2

126.14

125.96

125.91

125 .45

5

.15

125.93

125.86
9
LH=128.3

125.97

125.91

123.03

126 .67

126.67

132

1

74
126.

494

126.74

123.02

e
Straß

132

126.91

4

124.60

123.03

witzer

137

125.42
125.43

LH=129.26
125.46

.78

123.54

Reise

124.46

126.62
126

321a

e

Fahrradweg

164m

ß
tra

dweg

1

-12
0.5

Fahrra

158

520
7
40.

320
2

321

531

337
3

3
321

3

168g

1

4
168b

11

168e
168h

514

